100	0	238	715
101	0	223	669
102	0	276	828
103	0	318	955
104	0	126	378
105	0	117	352
106	0	143	429
107	0	840	2520
108	0	244	732
109	0	136	409
10	0	329	987
110	0	70	211
111	0	290	871
112	0	306	918
113	0	264	792
114	0	103	310
115	0	246	739
116	0	90	270
117	0	213	639
118	0	180	541
119	0	107	322
11	0	380	1140
120	0	235	706
121	0	62	186
122	0	88	264
123	0	170	510
124	0	167	501
125	0	182	546
126	0	384	1153
127	0	50	151
128	0	150	451
129	0	69	208
12	0	403	1209
130	0	131	393
131	0	429	1288
132	0	342	1027
133	0	199	597
134	0	238	714
135	0	177	532
136	0	145	436
137	0	61	184
138	0	183	549
139	0	298	894
13	0	441	1324
140	0	245	735
141	0	197	592
142	0	308	925
143	0	259	778
144	0	160	481
145	0	477	1432
146	0	320	961
147	0	401	1203
148	0	906	2718
149	0	332	997
14	0	166	499
150	0	230	690
151	0	301	904
152	0	181	543
153	0	442	1327
154	0	594	1783
155	0	78	234
156	0	66	199
157	0	315	946
158	0	74	222
159	0	182	546
15	0	272	817
160	0	447	1342
161	0	144	432
162	0	87	262
163	0	92	277
164	0	382	1146
165	0	279	837
166	0	157	471
167	0	150	450
168	0	146	439
169	0	73	220
16	0	394	1182
170	0	273	819
171	0	113	339
172	0	239	718
173	0	447	1341
174	0	232	697
175	0	98	295
176	0	138	415
177	0	357	1071
178	0	144	432
179	0	319	958
17	0	80	240
180	0	71	213
181	0	527	1581
182	0	274	823
183	0	270	811
184	0	127	382
185	0	213	639
186	0	122	366
187	0	463	1389
188	0	341	1023
189	0	318	955
18	0	144	432
190	0	236	708
191	0	254	762
192	0	194	582
193	0	301	904
19	0	1125	3375
1	0	553	1659
20	0	153	460
21	0	203	609
22	0	195	585
23	0	541	1623
24	0	101	303
25	0	304	913
26	0	250	751
27	0	80	241
28	0	545	1636
29	0	571	1714
2	0	213	639
30	0	875	2625
31	0	193	580
32	0	61	184
33	0	164	492
34	0	108	324
35	0	231	694
36	0	183	550
37	0	203	609
38	0	66	199
39	0	287	862
3	0	283	850
40	0	197	591
41	0	419	1257
42	0	196	589
43	0	251	753
44	0	193	580
45	0	439	1317
46	0	422	1266
47	0	228	685
48	0	595	1786
49	0	278	835
4	0	229	688
50	0	182	546
51	0	136	408
52	0	79	238
53	0	74	222
54	0	63	189
55	0	208	624
56	0	77	232
57	0	489	1468
58	0	192	576
59	0	248	745
5	0	720	2160
60	0	199	598
61	0	488	1464
62	0	55	166
63	0	504	1512
64	0	426	1278
65	0	539	1617
66	0	176	528
67	0	305	916
68	0	210	631
69	0	404	1213
6	0	420	1260
70	0	184	552
71	0	189	567
72	0	88	264
73	0	89	268
74	0	176	529
75	0	158	475
76	0	617	1851
77	0	252	757
78	0	300	901
79	0	222	667
7	0	151	453
80	0	279	838
81	0	319	958
82	0	243	730
83	0	497	1492
84	0	268	805
85	0	184	552
86	0	256	769
87	0	111	333
88	0	196	588
89	0	111	333
8	0	207	622
90	0	327	981
91	0	231	694
92	0	313	940
93	0	116	348
94	0	251	754
95	0	110	330
96	0	245	736
97	0	107	322
98	0	222	667
99	0	81	244
9	0	96	289
