100	24
101	253
102	324
103	441
104	31
105	1
106	162
107	1
108	1
109	45
10	5
110	93
111	112
112	476
113	371
114	14
115	112
116	17
117	500
118	254
119	48
11	44
120	6
121	12
122	2
123	72
124	179
125	326
126	300
127	70
128	140
129	1
12	1
130	452
131	7
132	655
133	5
134	384
135	39
136	6
137	1
138	171
139	22
13	217
140	1170
141	115
142	53
143	220
144	30
145	349
146	1
147	23
148	2
149	144
14	607
150	1
151	10
152	144
153	541
154	2
155	19
156	64
157	1
158	1
159	197
15	1057
160	61
161	1
162	25
163	21
164	205
165	246
166	23
167	36
168	278
169	4
16	75
170	1
171	11
172	27
173	255
174	226
175	125
176	8
177	558
178	9
179	530
17	5
180	37
181	983
182	433
183	54
184	1
185	80
186	72
187	724
188	9
189	219
18	204
190	3
191	20
192	243
193	550
19	46
1	957
20	5
21	2
22	36
23	455
24	44
25	160
26	7
27	11
28	436
29	437
2	591
30	1719
31	62
32	20
33	1
34	28
35	22
36	291
37	131
38	153
39	413
3	35
40	32
41	1
42	14
43	22
44	7
45	2
46	275
47	226
48	937
49	18
4	466
50	235
51	237
52	12
53	88
54	8
55	102
56	21
57	66
58	4
59	8
5	938
60	257
61	11
62	112
63	507
64	53
65	800
66	42
67	11
68	17
69	5
6	128
70	118
71	33
72	12
73	13
74	15
75	57
76	1260
77	70
78	398
79	248
7	10
80	119
81	277
82	14
83	174
84	7
85	226
86	57
87	100
88	23
89	25
8	708
90	262
91	44
92	156
93	138
94	115
95	65
96	3
97	2
98	84
99	1
9	22
